1 0.604688 0.332813 0.209375 0.159375
1 0.389844 0.389844 0.160938 0.117188
1 0.132812 0.634375 0.184375 0.150000
1 0.894531 0.709375 0.185938 0.096875
1 0.766406 0.601562 0.107813 0.109375
1 0.272656 0.513281 0.098437 0.098437
1 0.543750 0.179688 0.103125 0.100000
1 0.111719 0.132812 0.104688 0.112500
1 0.575781 0.925000 0.110937 0.075000
1 0.777344 0.283594 0.076563 0.095312
1 0.176563 0.899219 0.221875 0.182812
1 0.089844 0.261719 0.104688 0.123438
1 0.860938 0.933594 0.146875 0.092188
1 0.904687 0.547656 0.128125 0.076563
1 0.634375 0.489063 0.134375 0.109375
1 0.371094 0.130469 0.264062 0.257812
1 0.417187 0.782031 0.100000 0.189062
1 0.073438 0.549219 0.100000 0.114062
1 0.604688 0.631250 0.137500 0.071875
1 0.150781 0.420312 0.145313 0.084375
1 0.565625 0.814063 0.181250 0.118750
1 0.685937 0.160938 0.146875 0.084375
1 0.452344 0.252344 0.060937 0.126562
1 0.885938 0.082031 0.209375 0.164062
1 0.899219 0.381250 0.123438 0.106250
1 0.705469 0.870313 0.082812 0.162500
1 0.780469 0.407813 0.070312 0.093750
1 0.118750 0.796875 0.075000 0.062500
1 0.467187 0.571094 0.050000 0.173437
1 0.662500 0.049219 0.118750 0.098437
1 0.203906 0.301563 0.057813 0.068750
1 0.384375 0.021094 0.090625 0.042188
1 0.136719 0.024219 0.132812 0.048438
1 0.154688 0.022656 0.100000 0.045312
