1 0.218750 0.365625 0.146875 0.225000
0 0.450000 0.648438 0.100000 0.103125
0 0.712500 0.911719 0.150000 0.173437
0 0.337500 0.784375 0.096875 0.153125
0 0.421875 0.892969 0.093750 0.095312
0 0.437500 0.293750 0.084375 0.112500
1 0.096094 0.865625 0.104688 0.106250
1 0.580469 0.756250 0.095312 0.093750
1 0.267969 0.937500 0.076563 0.087500
1 0.531250 0.937500 0.106250 0.112500
0 0.637500 0.611719 0.081250 0.117188
1 0.340625 0.080469 0.075000 0.101562
0 0.680469 0.452344 0.098437 0.089063
1 0.259375 0.559375 0.059375 0.093750
0 0.865625 0.754687 0.090625 0.146875
1 0.600000 0.330469 0.090625 0.129688
0 0.793750 0.596875 0.078125 0.068750
1 0.085938 0.696094 0.081250 0.151562
1 0.083594 0.321875 0.079687 0.121875
0 0.348438 0.621094 0.065625 0.076563
0 0.240625 0.731250 0.093750 0.065625
1 0.486719 0.136719 0.082812 0.101562
1 0.935937 0.403125 0.106250 0.275000
0 0.793750 0.337500 0.075000 0.075000
0 0.353125 0.468750 0.046875 0.053125
0 0.171094 0.202344 0.039062 0.057813
1 0.081250 0.462500 0.059375 0.065625
1 0.546875 0.034375 0.106250 0.068750
0 0.057813 0.137500 0.034375 0.043750
1 0.696094 0.143750 0.101562 0.106250
1 0.510938 0.517969 0.075000 0.089063
0 0.831250 0.092188 0.171875 0.184375
0 0.228125 0.134375 0.115625 0.059375
0 0.153125 0.770312 0.037500 0.034375
0 0.121094 0.971875 0.082812 0.050000
0 0.112500 0.017188 0.100000 0.034375
1 0.133594 0.509375 0.057813 0.037500
