1 0.582812488079071 0.25468748807907104 0.578125 0.265625 0.5687500238418579 0.2718749940395355 0.543749988079071 0.26875001192092896 0.5375000238418579 0.27656251192092896 0.53125 0.28437501192092896 0.5249999761581421 0.29218751192092896 0.518750011920929 0.30156248807907104 0.512499988079071 0.3109374940395355 0.5062500238418579 0.3218750059604645 0.504687488079071 0.3343749940395355 0.503125011920929 0.36250001192092896 0.510937511920929 0.3687500059604645 0.5218750238418579 0.37187498807907104 0.5328124761581421 0.37812501192092896 0.543749988079071 0.3843750059604645 0.5546875 0.390625 0.5703125 0.40312498807907104 0.581250011920929 0.40937501192092896 0.6000000238418579 0.40937501192092896 0.609375 0.4046874940395355 0.625 0.4046874940395355 0.637499988079071 0.4046874940395355 0.643750011920929 0.3968749940395355 0.6640625 0.3734374940395355 0.671875 0.3671875 0.6812499761581421 0.3609375059604645 0.6890624761581421 0.35468751192092896 0.698437511920929 0.34687501192092896 0.7046874761581421 0.33906251192092896 0.707812488079071 0.328125 0.7015625238418579 0.3203125 0.692187488079071 0.30781251192092896 0.682812511920929 0.29374998807907104 0.671875 0.29374998807907104 0.653124988079071 0.29374998807907104 0.640625 0.2890625 0.629687488079071 0.2828125059604645 0.614062488079071 0.28125 0.6031249761581421 0.27656251192092896 0.598437488079071 0.26093751192092896
1 0.06875000149011612 0.49531251192092896 0.0625 0.503125011920929 0.046875 0.520312488079071 0.03750000149011612 0.528124988079071 0.02656250074505806 0.5328124761581421 0.02656250074505806 0.5562499761581421 0.02656250074505806 0.573437511920929 0.03750000149011612 0.5859375 0.04531250149011612 0.5921875238418579 0.0546875 0.596875011920929 0.06562499701976776 0.6031249761581421 0.08124999701976776 0.604687511920929 0.0859375 0.5953124761581421 0.08749999850988388 0.582812488079071 0.10468749701976776 0.5640624761581421 0.109375 0.5546875 0.11562500149011612 0.542187511920929 0.12343750149011612 0.534375011920929 0.12343750149011612 0.520312488079071 0.1171875 0.510937511920929 0.10781250149011612 0.5
1 0.125 0.07968749850988388 0.11406250298023224 0.08124999701976776 0.10468749701976776 0.08749999850988388 0.08906249701976776 0.08906249701976776 0.07656250149011612 0.10000000149011612 0.0703125 0.10781250149011612 0.0625 0.12187500298023224 0.0625 0.14687499403953552 0.06875000149011612 0.16093750298023224 0.07187499850988388 0.17812499403953552 0.07968749850988388 0.18437500298023224 0.09062500298023224 0.18593749403953552 0.09843750298023224 0.17812499403953552 0.109375 0.17499999701976776 0.12187500298023224 0.171875 0.12656250596046448 0.16249999403953552 0.14374999701976776 0.1484375 0.15312500298023224 0.14218750596046448 0.15937499701976776 0.13124999403953552 0.16093750298023224 0.1171875 0.1484375 0.09687499701976776 0.14218750596046448 0.08906249701976776 0.13593749701976776 0.07968749850988388
1 0.9125000238418579 0.5140625238418579 0.903124988079071 0.518750011920929 0.890625 0.520312488079071 0.8812500238418579 0.526562511920929 0.871874988079071 0.53125 0.846875011920929 0.53125 0.8421875238418579 0.5531250238418579 0.8500000238418579 0.559374988079071 0.8609374761581421 0.5609375238418579 0.871874988079071 0.5625 0.890625 0.565625011920929 0.901562511920929 0.5718749761581421 0.9125000238418579 0.573437511920929 0.926562488079071 0.5843750238418579 0.9359375238418579 0.5765625238418579 0.942187488079071 0.5687500238418579 0.9546874761581421 0.565625011920929 0.964062511920929 0.5609375238418579 0.964062511920929 0.550000011920929 0.953125 0.550000011920929 0.9437500238418579 0.5453125238418579 0.953125 0.534375011920929 0.9468749761581421 0.520312488079071 0.9359375238418579 0.5171874761581421
1 0.75 0.36406248807907104 0.75 0.40937501192092896 0.7484375238418579 0.44999998807907104 0.7718750238418579 0.4546875059604645 0.7796875238418579 0.44843751192092896 0.7890625 0.44062501192092896 0.796875 0.43281251192092896 0.801562488079071 0.421875 0.807812511920929 0.4140625 0.8125 0.40312498807907104 0.8031250238418579 0.39531248807907104 0.7890625 0.3812499940395355 0.7796875238418579 0.375 0.770312488079071 0.3687500059604645
1 0.609375 0.890625 0.5953124761581421 0.9046875238418579 0.5765625238418579 0.90625 0.565625011920929 0.910937488079071 0.5375000238418579 0.9125000238418579 0.526562511920929 0.9140625 0.5234375 0.9312499761581421 0.5328124761581421 0.940625011920929 0.543749988079071 0.9468749761581421 0.5531250238418579 0.9515625238418579 0.565625011920929 0.9593750238418579 0.5765625238418579 0.957812488079071 0.5843750238418579 0.949999988079071 0.596875011920929 0.9468749761581421 0.6031249761581421 0.9390624761581421 0.6109374761581421 0.9296875 0.620312511920929 0.9234374761581421 0.629687488079071 0.917187511920929 0.629687488079071 0.9046875238418579 0.6234375238418579 0.895312488079071
1 0.4375 0.6937500238418579 0.43437498807907104 0.7046874761581421 0.4312500059604645 0.721875011920929 0.42656248807907104 0.7328125238418579 0.4140625 0.7484375238418579 0.4000000059604645 0.765625 0.39375001192092896 0.7749999761581421 0.39375001192092896 0.7890625 0.3890624940395355 0.800000011920929 0.38749998807907104 0.8109375238418579 0.3828125 0.823437511920929 0.3765625059604645 0.832812488079071 0.375 0.84375 0.37187498807907104 0.8656250238418579 0.37968748807907104 0.871874988079071 0.3921875059604645 0.871874988079071 0.4046874940395355 0.8734375238418579 0.4156250059604645 0.871874988079071 0.4124999940395355 0.8609374761581421 0.41093748807907104 0.8062499761581421 0.41718751192092896 0.796875 0.41718751192092896 0.778124988079071 0.4234375059604645 0.768750011920929 0.4359374940395355 0.753125011920929 0.44218748807907104 0.7437499761581421 0.4468750059604645 0.734375 0.4546875059604645 0.7203124761581421 0.46562498807907104 0.7109375 0.4609375 0.7015625238418579
1 0.5859375 0.6015625 0.578125 0.6078125238418579 0.5687500238418579 0.612500011920929 0.559374988079071 0.6187499761581421 0.543749988079071 0.6328125 0.5390625 0.6625000238418579 0.550000011920929 0.6640625 0.5640624761581421 0.6640625 0.574999988079071 0.659375011920929 0.582812488079071 0.651562511920929 0.5953124761581421 0.645312488079071 0.606249988079071 0.6468750238418579 0.620312511920929 0.6484375 0.628125011920929 0.6546875238418579 0.640625 0.6656249761581421 0.653124988079071 0.667187511920929 0.6656249761581421 0.667187511920929 0.667187511920929 0.65625 0.6734374761581421 0.6468750238418579 0.6656249761581421 0.6328125 0.653124988079071 0.629687488079071 0.6468750238418579 0.621874988079071 0.625 0.6187499761581421 0.604687511920929 0.6015625
1 0.921875 0.667187511920929 0.909375011920929 0.6703125238418579 0.8984375 0.675000011920929 0.8843749761581421 0.676562488079071 0.8734375238418579 0.6796875 0.859375 0.6875 0.846875011920929 0.6890624761581421 0.8374999761581421 0.684374988079071 0.824999988079071 0.682812511920929 0.8140624761581421 0.6781250238418579 0.8046875 0.682812511920929 0.8062499761581421 0.6937500238418579 0.8046875 0.7046874761581421 0.8046875 0.723437488079071 0.809374988079071 0.7328125238418579 0.8218749761581421 0.7484375238418579 0.831250011920929 0.753125011920929 0.8421875238418579 0.754687488079071 0.854687511920929 0.753125011920929 0.864062488079071 0.7484375238418579 0.875 0.753125011920929 0.901562511920929 0.754687488079071 0.918749988079071 0.734375 0.926562488079071 0.7281249761581421 0.9375 0.721875011920929 0.948437511920929 0.7171875238418579 0.957812488079071 0.721875011920929 0.9671875238418579 0.714062511920929 0.973437488079071 0.706250011920929 0.979687511920929 0.6968749761581421 0.9859374761581421 0.6890624761581421 0.9859374761581421 0.676562488079071 0.9781249761581421 0.668749988079071
1 0.265625 0.8140624761581421 0.25468748807907104 0.8187500238418579 0.24531249701976776 0.824999988079071 0.23281249403953552 0.828125 0.21250000596046448 0.831250011920929 0.203125 0.8374999761581421 0.1875 0.8374999761581421 0.16718749701976776 0.839062511920929 0.15625 0.846875011920929 0.15000000596046448 0.854687511920929 0.14218750596046448 0.862500011920929 0.13593749701976776 0.870312511920929 0.12656250596046448 0.8828125 0.12031249701976776 0.890625 0.10781250149011612 0.903124988079071 0.09531249850988388 0.9203125238418579 0.08906249701976776 0.9296875 0.08281250298023224 0.9390624761581421 0.07500000298023224 0.953125 0.07187499850988388 0.987500011920929 0.08281250298023224 0.9859374761581421 0.09531249850988388 0.979687511920929 0.10781250149011612 0.9781249761581421 0.11562500149011612 0.971875011920929 0.12187500298023224 0.964062511920929 0.12812499701976776 0.956250011920929 0.13437500596046448 0.9468749761581421 0.140625 0.9375 0.14687499403953552 0.9281250238418579 0.15468749403953552 0.9140625 0.15625 0.893750011920929 0.16249999403953552 0.885937511920929 0.1796875 0.885937511920929 0.19062499701976776 0.8843749761581421 0.19218750298023224 0.870312511920929 0.19843749701976776 0.862500011920929 0.25 0.8609374761581421 0.26093751192092896 0.856249988079071 0.2734375 0.8515625 0.2796874940395355 0.8421875238418579 0.2828125059604645 0.831250011920929 0.28437501192092896 0.817187488079071
1 0.234375 0.46875 0.2265625 0.4749999940395355 0.2265625 0.48750001192092896 0.23281249403953552 0.49687498807907104 0.23281249403953552 0.5078125 0.2265625 0.5218750238418579 0.23749999701976776 0.5234375 0.25 0.5249999761581421 0.2640624940395355 0.535937488079071 0.2718749940395355 0.542187511920929 0.28125 0.5484374761581421 0.2906250059604645 0.5546875 0.30000001192092896 0.5609375238418579 0.30937498807907104 0.5562499761581421 0.31562501192092896 0.546875 0.3203125 0.535937488079071 0.3203125 0.515625 0.31718748807907104 0.4984374940395355 0.30781251192092896 0.48750001192092896 0.2984375059604645 0.47968751192092896 0.2906250059604645 0.47343748807907104
1 0.7124999761581421 0.12187500298023224 0.6968749761581421 0.13750000298023224 0.6890624761581421 0.14374999701976776 0.6781250238418579 0.1484375 0.667187511920929 0.15156249701976776 0.659375011920929 0.15781250596046448 0.6484375 0.15468749403953552 0.6421874761581421 0.14687499403953552 0.6312500238418579 0.14531250298023224 0.621874988079071 0.15312500298023224 0.614062488079071 0.16249999403953552 0.614062488079071 0.17343750596046448 0.621874988079071 0.1796875 0.628125011920929 0.1875 0.637499988079071 0.19218750298023224 0.6499999761581421 0.1953125 0.6656249761581421 0.20000000298023224 0.675000011920929 0.19374999403953552 0.6890624761581421 0.1875 0.699999988079071 0.18906250596046448 0.706250011920929 0.19687500596046448 0.721875011920929 0.19843749701976776 0.731249988079071 0.19218750298023224 0.7437499761581421 0.18593749403953552 0.753125011920929 0.17812499403953552 0.7578125 0.16875000298023224 0.7515624761581421 0.15625 0.75 0.14531250298023224 0.7484375238418579 0.1328125 0.7421875 0.12343750149011612
1 0.925000011920929 0.328125 0.909375011920929 0.33125001192092896 0.910937488079071 0.3421874940395355 0.926562488079071 0.35624998807907104 0.9234374761581421 0.37031251192092896 0.918749988079071 0.3812499940395355 0.9125000238418579 0.3890624940395355 0.901562511920929 0.3890624940395355 0.8968750238418579 0.3578124940395355 0.890625 0.34843748807907104 0.8812500238418579 0.3421874940395355 0.8578125238418579 0.33906251192092896 0.8453124761581421 0.3375000059604645 0.8421875238418579 0.3499999940395355 0.839062511920929 0.3812499940395355 0.8421875238418579 0.39531248807907104 0.84375 0.40625 0.8500000238418579 0.41718751192092896 0.8578125238418579 0.4234375059604645 0.870312511920929 0.41874998807907104 0.8765624761581421 0.42656248807907104 0.887499988079071 0.4312500059604645 0.909375011920929 0.43437498807907104 0.921875 0.4296875 0.9312499761581421 0.4234375059604645 0.940625011920929 0.41874998807907104 0.9468749761581421 0.4078125059604645 0.9515625238418579 0.3984375 0.953125 0.375 0.957812488079071 0.3656249940395355 0.9593750238418579 0.35468751192092896 0.9593750238418579 0.34375 0.9593750238418579 0.33281248807907104
1 0.581250011920929 0.1328125 0.573437511920929 0.13906249403953552 0.5625 0.13593749701976776 0.550000011920929 0.13593749701976776 0.535937488079071 0.14374999701976776 0.526562511920929 0.1484375 0.512499988079071 0.15781250596046448 0.5062500238418579 0.16718749701976776 0.5 0.17499999701976776 0.49531251192092896 0.18437500298023224 0.4937500059604645 0.20000000298023224 0.5062500238418579 0.203125 0.5171874761581421 0.20468750596046448 0.5296875238418579 0.21562500298023224 0.5390625 0.22187499701976776 0.550000011920929 0.22343750298023224 0.5609375238418579 0.22343750298023224 0.574999988079071 0.22812500596046448 0.5843750238418579 0.22343750298023224 0.59375 0.21562500298023224 0.590624988079071 0.203125 0.5843750238418579 0.1953125 0.581250011920929 0.16718749701976776 0.5843750238418579 0.15156249701976776 0.5874999761581421 0.13593749701976776
1 0.4765625 0.48750001192092896 0.46875 0.49531251192092896 0.4625000059604645 0.504687488079071 0.4625000059604645 0.546875 0.45781248807907104 0.5562499761581421 0.45781248807907104 0.578125 0.45625001192092896 0.590624988079071 0.4515624940395355 0.6031249761581421 0.44999998807907104 0.6234375238418579 0.44843751192092896 0.653124988079071 0.4749999940395355 0.6546875238418579 0.4828124940395355 0.6484375 0.4859375059604645 0.5687500238418579 0.4828124940395355 0.5390625 0.4859375059604645 0.528124988079071 0.4859375059604645 0.5140625238418579 0.4906249940395355 0.5015624761581421 0.4921875 0.48750001192092896
1 0.793749988079071 0.23906250298023224 0.7875000238418579 0.24687500298023224 0.7828124761581421 0.2562499940395355 0.7718750238418579 0.26875001192092896 0.760937511920929 0.26249998807907104 0.75 0.2578125 0.746874988079071 0.2718749940395355 0.7437499761581421 0.2828125059604645 0.7406250238418579 0.3187499940395355 0.753125011920929 0.328125 0.768750011920929 0.328125 0.7875000238418579 0.32343751192092896 0.7953125238418579 0.31562501192092896 0.796875 0.3046875 0.796875 0.29374998807907104 0.792187511920929 0.28437501192092896 0.7953125238418579 0.2734375 0.8031250238418579 0.2671875059604645 0.8109375238418579 0.2593750059604645 0.815625011920929 0.24531249701976776 0.807812511920929 0.23906250298023224
1 0.809374988079071 0.890625 0.800000011920929 0.895312488079071 0.7906249761581421 0.901562511920929 0.7906249761581421 0.926562488079071 0.7953125238418579 0.9359375238418579 0.8062499761581421 0.9359375238418579 0.824999988079071 0.949999988079071 0.831250011920929 0.957812488079071 0.840624988079071 0.9671875238418579 0.8500000238418579 0.973437488079071 0.870312511920929 0.971875011920929 0.878125011920929 0.9781249761581421 0.890625 0.979687511920929 0.9046875238418579 0.9671875238418579 0.9140625 0.9609375 0.9234374761581421 0.9515625238418579 0.9296875 0.9437500238418579 0.9312499761581421 0.932812511920929 0.9234374761581421 0.925000011920929 0.9125000238418579 0.926562488079071 0.90625 0.934374988079071 0.901562511920929 0.9437500238418579 0.8890625238418579 0.953125 0.870312511920929 0.956250011920929 0.8609374761581421 0.9468749761581421 0.859375 0.9281250238418579 0.84375 0.9140625 0.8343750238418579 0.9078124761581421 0.824999988079071 0.903124988079071 0.823437511920929 0.8921874761581421
1 0.4515624940395355 0.19374999403953552 0.4453125 0.20468750596046448 0.4390625059604645 0.21718749403953552 0.4390625059604645 0.23281249403953552 0.43281251192092896 0.2421875 0.4312500059604645 0.2593750059604645 0.42656248807907104 0.27031248807907104 0.42500001192092896 0.30156248807907104 0.43437498807907104 0.3109374940395355 0.4468750059604645 0.3046875 0.4546875059604645 0.2984375059604645 0.4593749940395355 0.28593748807907104 0.4609375 0.27031248807907104 0.46562498807907104 0.2593750059604645 0.47187501192092896 0.24687500298023224 0.47343748807907104 0.23593750596046448 0.47968751192092896 0.22812500596046448 0.47968751192092896 0.21718749403953552 0.47343748807907104 0.20781250298023224 0.4609375 0.19374999403953552
1 0.6156250238418579 0.0015625000232830644 0.6156250238418579 0.06406249850988388 0.620312511920929 0.07500000298023224 0.6265624761581421 0.08281250298023224 0.635937511920929 0.08749999850988388 0.659375011920929 0.08906249701976776 0.6703125238418579 0.08281250298023224 0.682812511920929 0.07656250149011612 0.6968749761581421 0.0703125 0.707812488079071 0.06875000149011612 0.715624988079071 0.0625 0.721875011920929 0.05156249925494194 0.721875011920929 0.03281249850988388 0.7171875238418579 0.02187499962747097 0.7109375 0.00937500037252903
1 0.723437488079071 0.5531250238418579 0.71875 0.5625 0.714062511920929 0.5718749761581421 0.714062511920929 0.614062488079071 0.7203124761581421 0.6234375238418579 0.7265625 0.6328125 0.7328125238418579 0.640625 0.7437499761581421 0.643750011920929 0.7562500238418579 0.6468750238418579 0.7671874761581421 0.6484375 0.7796875238418579 0.653124988079071 0.7953125238418579 0.6546875238418579 0.8031250238418579 0.6468750238418579 0.8062499761581421 0.635937511920929 0.8109375238418579 0.625 0.8125 0.614062488079071 0.817187488079071 0.604687511920929 0.8218749761581421 0.5874999761581421 0.815625011920929 0.5796874761581421 0.8062499761581421 0.5718749761581421 0.793749988079071 0.5687500238418579 0.7828124761581421 0.567187488079071 0.7734375 0.5625 0.765625 0.5562499761581421
1 0.21562500298023224 0.27031248807907104 0.20468750596046448 0.27812498807907104 0.19687500596046448 0.28593748807907104 0.18593749403953552 0.2890625 0.17656250298023224 0.29374998807907104 0.17656250298023224 0.3187499940395355 0.18437500298023224 0.32499998807907104 0.1953125 0.3296875059604645 0.20624999701976776 0.3359375 0.21875 0.32343751192092896 0.22499999403953552 0.3031249940395355 0.22968749701976776 0.2890625 0.23125000298023224 0.27031248807907104
1 0.09531249850988388 0.7671874761581421 0.09062500298023224 0.778124988079071 0.08437500149011612 0.7890625 0.08906249701976776 0.8031250238418579 0.09218750149011612 0.8140624761581421 0.09843750298023224 0.8218749761581421 0.11406250298023224 0.828125 0.12343750149011612 0.8218749761581421 0.12968750298023224 0.8125 0.14531250298023224 0.8109375238418579 0.15312500298023224 0.8031250238418579 0.15468749403953552 0.7906249761581421 0.14687499403953552 0.784375011920929 0.1484375 0.7734375 0.12812499701976776 0.7671874761581421 0.10781250149011612 0.768750011920929
1 0.2515625059604645 0.0062500000931322575 0.24375000596046448 0.012500000186264515 0.24375000596046448 0.03593749925494194 0.25 0.04531250149011612 0.25 0.05781250074505806 0.25468748807907104 0.0703125 0.2562499940395355 0.09062500298023224 0.2578125 0.10312499850988388 0.26249998807907104 0.11406250298023224 0.26093751192092896 0.12656250596046448 0.2640624940395355 0.14374999701976776 0.26875001192092896 0.15937499701976776 0.2640624940395355 0.1796875 0.2578125 0.1875 0.25312501192092896 0.20156249403953552 0.2515625059604645 0.21718749403953552 0.2562499940395355 0.2265625 0.26093751192092896 0.23593750596046448 0.26875001192092896 0.2421875 0.2796874940395355 0.24531249701976776 0.28593748807907104 0.25312501192092896 0.296875 0.25468748807907104 0.30781251192092896 0.25468748807907104 0.3203125 0.24687500298023224 0.33125001192092896 0.23593750596046448 0.3421874940395355 0.23749999701976776 0.3531250059604645 0.234375 0.34687501192092896 0.22499999403953552 0.3375000059604645 0.21562500298023224 0.3453125059604645 0.203125 0.3578124940395355 0.20937499403953552 0.375 0.2109375 0.3828125 0.20468750596046448 0.390625 0.19687500596046448 0.390625 0.18593749403953552 0.38593751192092896 0.16875000298023224 0.39531248807907104 0.15781250596046448 0.3968749940395355 0.14687499403953552 0.40312498807907104 0.13906249403953552 0.40937501192092896 0.12812499701976776 0.41874998807907104 0.1171875 0.42656248807907104 0.11093749850988388 0.43437498807907104 0.10468749701976776 0.4359374940395355 0.09375 0.44218748807907104 0.0859375 0.4515624940395355 0.07968749850988388 0.4625000059604645 0.08437500149011612 0.4749999940395355 0.09687499701976776 0.4859375059604645 0.09531249850988388 0.49531251192092896 0.09062500298023224 0.49687498807907104 0.06562499701976776 0.484375 0.06093750149011612 0.48124998807907104 0.04062499850988388 0.4921875 0.02656250074505806 0.49687498807907104 0.01406249962747097 0.4828124940395355 0.012500000186264515 0.4765625 0.02187499962747097 0.4703125059604645 0.02968749962747097 0.46406251192092896 0.03750000149011612 0.4515624940395355 0.04843749850988388 0.44218748807907104 0.04218750074505806 0.4156250059604645 0.03750000149011612 0.4029949884099489 0.04017322779467284 0.3890624940395355 0.05000000074505806 0.3828125 0.05937499925494194 0.375 0.06718750298023224 0.35468751192092896 0.0703125 0.3499999940395355 0.07968749850988388 0.33906251192092896 0.08124999701976776 0.33125001192092896 0.07500000298023224 0.3218750059604645 0.0703125 0.3125 0.05937499925494194 0.3109374940395355 0.04531250149011612 0.30937498807907104 0.03125 0.30156248807907104 0.0234375 0.29218751192092896 0.01875000074505806 0.27812498807907104 0.00937500037252903
1 0.676562488079071 0.792187511920929 0.667187511920929 0.796875 0.6640625 0.8109375238418579 0.6781250238418579 0.823437511920929 0.6859375238418579 0.832812488079071 0.6875 0.8500000238418579 0.6859375238418579 0.862500011920929 0.6859375238418579 0.8765624761581421 0.6875 0.887499988079071 0.6937500238418579 0.8968750238418579 0.6937500238418579 0.9078124761581421 0.6937500238418579 0.918749988079071 0.7046874761581421 0.932812511920929 0.707812488079071 0.9437500238418579 0.721875011920929 0.940625011920929 0.723437488079071 0.9296875 0.7281249761581421 0.9125000238418579 0.734375 0.9046875238418579 0.746874988079071 0.8999999761581421 0.745312511920929 0.8890625238418579 0.7421875 0.878125011920929 0.7406250238418579 0.864062488079071 0.7359374761581421 0.8531249761581421 0.731249988079071 0.84375 0.729687511920929 0.8265625238418579 0.7328125238418579 0.8140624761581421 0.7203124761581421 0.801562488079071 0.707812488079071 0.7953125238418579
1 0.925000011920929 0.0015625000232830644 0.918749988079071 0.00937500037252903 0.9140625 0.01875000074505806 0.9125000238418579 0.03281249850988388 0.90625 0.04062499850988388 0.8968750238418579 0.05000000074505806 0.885937511920929 0.04531250149011612 0.878125011920929 0.0390625 0.8671875 0.03750000149011612 0.856249988079071 0.03593749925494194 0.8203125 0.03750000149011612 0.8140624761581421 0.04531250149011612 0.8031250238418579 0.0625 0.792187511920929 0.06718750298023224 0.784375011920929 0.08906249701976776 0.7875000238418579 0.10312499850988388 0.792187511920929 0.11249999701976776 0.801562488079071 0.125 0.8109375238418579 0.12968750298023224 0.823437511920929 0.13437500596046448 0.8343750238418579 0.140625 0.8453124761581421 0.14218750596046448 0.856249988079071 0.14687499403953552 0.8671875 0.15000000596046448 0.890625 0.15312500298023224 0.8984375 0.16093750298023224 0.90625 0.15468749403953552 0.9156249761581421 0.15000000596046448 0.925000011920929 0.14218750596046448 0.934374988079071 0.13593749701976776 0.9359375238418579 0.12343750149011612 0.942187488079071 0.11562500149011612 0.949999988079071 0.109375 0.957812488079071 0.10312499850988388 0.9624999761581421 0.09375 0.971875011920929 0.08437500149011612 0.973437488079071 0.0703125 0.9781249761581421 0.06093750149011612 0.9859374761581421 0.04843749850988388 0.9921875 0.03593749925494194 0.9906250238418579 0.02500000037252903 0.9921875 0.0078125 0.981249988079071 0.004687500186264515
1 0.11562500149011612 0.20156249403953552 0.10781250149011612 0.20781250298023224 0.09843750298023224 0.21250000596046448 0.08749999850988388 0.21875 0.08281250298023224 0.22812500596046448 0.078125 0.23749999701976776 0.06562499701976776 0.24375000596046448 0.05624999850988388 0.25 0.04062499850988388 0.2562499940395355 0.04374999925494194 0.2671875059604645 0.05000000074505806 0.2750000059604645 0.05624999850988388 0.2828125059604645 0.05624999850988388 0.296875 0.05156249925494194 0.30781251192092896 0.05000000074505806 0.3203125 0.06562499701976776 0.32343751192092896 0.08906249701976776 0.3218750059604645 0.09062500298023224 0.2828125059604645 0.09531249850988388 0.2718749940395355 0.1015625 0.26249998807907104 0.10781250149011612 0.27031248807907104 0.11249999701976776 0.28125 0.11874999850988388 0.2890625 0.125 0.296875 0.13593749701976776 0.29374998807907104 0.14218750596046448 0.28437501192092896 0.13750000298023224 0.2734375 0.13437500596046448 0.24531249701976776 0.13593749701976776 0.234375 0.140625 0.21562500298023224 0.12812499701976776 0.20156249403953552
1 0.6171875 0.4375 0.6078125238418579 0.4468750059604645 0.606249988079071 0.4593749940395355 0.6109374761581421 0.46875 0.612500011920929 0.47968751192092896 0.6000000238418579 0.4828124940395355 0.5859375 0.48124998807907104 0.573437511920929 0.48124998807907104 0.5703125 0.49687498807907104 0.5765625238418579 0.504687488079071 0.5859375 0.515625 0.5953124761581421 0.5218750238418579 0.6031249761581421 0.528124988079071 0.614062488079071 0.534375011920929 0.625 0.535937488079071 0.635937511920929 0.5406249761581421 0.6468750238418579 0.5375000238418579 0.6625000238418579 0.5406249761581421 0.675000011920929 0.535937488079071 0.690625011920929 0.528124988079071 0.690625011920929 0.5015624761581421 0.692187488079071 0.47968751192092896 0.698437511920929 0.4703125059604645 0.706250011920929 0.46406251192092896 0.6937500238418579 0.45781248807907104 0.6859375238418579 0.4515624940395355 0.676562488079071 0.45625001192092896 0.667187511920929 0.4515624940395355 0.653124988079071 0.4390625059604645
1 0.08281250298023224 0.3812499940395355 0.07968749850988388 0.40625 0.08749999850988388 0.4140625 0.08749999850988388 0.42500001192092896 0.09375 0.43281251192092896 0.10312499850988388 0.4375 0.11093749850988388 0.4453125 0.11562500149011612 0.4546875059604645 0.12656250596046448 0.45625001192092896 0.13750000298023224 0.4609375 0.15312500298023224 0.4609375 0.1640625 0.453125 0.17812499403953552 0.4515624940395355 0.18906250596046448 0.44843751192092896 0.2109375 0.4468750059604645 0.21718749403953552 0.4390625059604645 0.22343750298023224 0.4312500059604645 0.21562500298023224 0.4203124940395355 0.20468750596046448 0.4234375059604645 0.19374999403953552 0.4234375059604645 0.18125000596046448 0.4234375059604645 0.17343750596046448 0.41718751192092896 0.16718749701976776 0.40312498807907104 0.1640625 0.3921875059604645 0.15781250596046448 0.3828125 0.140625 0.3812499940395355 0.13124999403953552 0.38749998807907104 0.12031249701976776 0.3890624940395355 0.11874999850988388 0.40312498807907104 0.12343750149011612 0.4124999940395355 0.11249999701976776 0.41874998807907104 0.1015625 0.4234375059604645 0.09843750298023224 0.4046874940395355 0.09218750149011612 0.3968749940395355 0.09062500298023224 0.3843750059604645
1 0.13906249403953552 0.0015625000232830644 0.13906249403953552 0.012500000186264515 0.1328125 0.02031249925494194 0.12343750149011612 0.02656250074505806 0.12343750149011612 0.04218750074505806 0.16249999403953552 0.04374999925494194 0.171875 0.0390625 0.18437500298023224 0.03593749925494194 0.19374999403953552 0.03125 0.20000000298023224 0.015625 0.19687500596046448 0.0015625000232830644
1 0.33906251192092896 0.3343749940395355 0.32499998807907104 0.3531250059604645 0.3187499940395355 0.36250001192092896 0.30937498807907104 0.37031251192092896 0.30937498807907104 0.4078125059604645 0.3187499940395355 0.4124999940395355 0.32499998807907104 0.4203124940395355 0.33281248807907104 0.4296875 0.3421874940395355 0.4359374940395355 0.3531250059604645 0.44062501192092896 0.36406248807907104 0.4468750059604645 0.3812499940395355 0.4515624940395355 0.38593751192092896 0.44218748807907104 0.40937501192092896 0.44062501192092896 0.41874998807907104 0.4359374940395355 0.4296875 0.4375 0.44062501192092896 0.44218748807907104 0.4515624940395355 0.44218748807907104 0.46562498807907104 0.4312500059604645 0.4671874940395355 0.41093748807907104 0.4703125059604645 0.4000000059604645 0.4593749940395355 0.3828125 0.4515624940395355 0.3734374940395355 0.44062501192092896 0.3656249940395355 0.42656248807907104 0.36250001192092896 0.4156250059604645 0.359375 0.39375001192092896 0.35624998807907104 0.3828125 0.3578124940395355 0.375 0.34843748807907104 0.37187498807907104 0.3343749940395355
1 0.0594313988517197 0.7085485292346599 0.06738322919620378 0.7005966988901758 0.07533505954068787 0.6919822160169848 0.08527484747129296 0.6860183432586218 0.1071423809186242 0.6734279452131886 0.1329858295381975 0.6634881572825835 0.14226296494009558 0.6561989794668064 0.15617866804294273 0.6475844965936153 0.16810641355966888 0.6383073611917173 0.178708854018981 0.6330061409620612 0.18931129447829312 0.6230663530314561 0.1985884298801912 0.613126565100851 0.20322699758114027 0.6038494296989528 0.21117882792562437 0.5925843367109337 0.22045596332752243 0.5839698538377427 0.2264198360858855 0.5753553709645516 0.2191306582701084 0.5660782355626535 0.2065402602246753 0.5614396678617044 0.1972631248227772 0.5687288456774815 0.19129925206441414 0.5819818962516216 0.1846727267773441 0.5925843367109337 0.17672089643286 0.5998735145267109 0.16810641355966888 0.6078253448711949 0.15684132057164973 0.618427785330507 0.1449135750549236 0.6250543106175771 0.1336484820669045 0.6336687934907681 0.12105808402147136 0.6396326662491313 0.09786524551672611 0.6555363269380994 0.07533505954068787 0.6654761148687045 0.060094051380426707 0.6734279452131886 0.050816915978528596 0.6787291654428447 0.04419039069145853 0.6866809957873288 0.04750365333499357 0.6972834362466409 0.04220243310533751 0.706560571648539 0.05214222103594261 0.7105364868207811
1 0.5430924576237754 0.8718736261638105 0.5313248421969725 0.8655372178570705 0.5267988362635868 0.8560326053969604 0.5204624279568467 0.8641794160770548 0.5082422119367052 0.872326226757149 0.4982849988832566 0.8736840285371648 0.4887803864231465 0.8646320166703934 0.48289657870974506 0.8560326053969604 0.48334917930308363 0.8438123893768189 0.48923298701648504 0.8320447739500159 0.4824439781164065 0.8207297591165515 0.47746537158968216 0.8107725460631029 0.47474976802965074 0.7971945282629457 0.47701277099634354 0.7867847146161584 0.4874225846431307 0.7799957057160799 0.5059792089700124 0.780900906902757 0.5191046261768311 0.7872373152094971 0.5240832327035554 0.7754696997826941 0.5344930463503426 0.7718488950359855 0.5476184635571613 0.7727540962226627 0.5571230760172712 0.7691332914759541 0.5693432920374127 0.7732066968160012 0.5779427033108456 0.7845217116494656 0.5910681205176643 0.7804483063094184 0.5824687092442314 0.7895003181761899 0.5729640967841213 0.7849743122428042 0.5652698866973656 0.777732702749387 0.5557652742372555 0.7741118980026784 0.5426398570304369 0.7790905045294026 0.5308722416036339 0.7786379039360641 0.528609238636941 0.7895003181761899 0.5353982475370197 0.8057939395363786 0.5376612505037126 0.8162037531831657 0.5376612505037126 0.826613566829953 0.5480710641504998 0.8193719573365359 0.561649081950657 0.8225401614899059 0.5716062950041056 0.8284239692033074 0.5820161086508928 0.8288765697966459 0.5933311234843572 0.8252557650499373 0.6028357359444673 0.8315921733566773 0.6132455495912545 0.8306869721700002 0.622297561458026 0.8202771585232129 0.6299917715447817 0.8089621436897486 0.641306786378246 0.8062465401297171 0.6422119875649233 0.79266852232956 0.6535270023983876 0.7944789247029143 0.655337404771742 0.807604341909733 0.6449275911249547 0.8125829484364573 0.6308969727314588 0.8152985519964886 0.6227501620513645 0.8275187680166303 0.6150559519646087 0.836118179290063 0.5983097300110816 0.8352129781033859 0.5865421145842785 0.8306869721700002 0.5743218985641371 0.8338551763233703 0.5607438807639799 0.8284239692033074 0.5489762653371769 0.8243505638632602 0.540376854063744 0.8315921733566773 0.531777442790311 0.8501487976835589 0.5449028599971297 0.8623690137037003
1 0.37616029923090477 0.035244407333215766 0.36356442471829226 0.03469676061527609 0.35206384364155907 0.033053820461457065 0.34220620271864494 0.022648532820603234 0.3389203224110069 0.010052658307990705 0.35261149035949874 0.007862071436232004 0.369040891897689 0.0023856042568352505 0.38108911969236187 0.0018379575388955752 0.39532793435879343 0.0018379575388955752 0.4106620424611044 0.0018379575388955752 0.4281867374351739 0.0023856042568352505 0.42325791697371684 0.013338538615628757 0.4134002760508027 0.021005592666784208 0.40792380887140595 0.030863233589698363 0.39916146138437114 0.03743499420497447 0.38875617374351734 0.03688734748703479 0.37889853282060315 0.034149113897336415
1 0.078125 0.0031250000465661287 0.078125 0.015625 0.08749999850988388 0.02031249925494194 0.09531249850988388 0.02968749962747097 0.10000000149011612 0.0390625 0.11874999850988388 0.0390625 0.12343750149011612 0.02812499925494194 0.12812499701976776 0.01875000074505806 0.13437500596046448 0.00937500037252903
